0	1
0	2
0	90
0	91
0	92
0	93
3	1
3	2
3	4
3	5
3	13
3	92
3	93
3	94
3	95
3	165
6	4
6	5
6	7
6	8
6	9
6	10
6	73
6	96
6	97
6	98
6	167
11	5
11	9
11	10
11	12
11	13
11	69
11	70
11	71
11	73
14	12
14	13
14	15
14	16
14	65
14	66
14	67
14	68
17	15
17	16
17	18
17	19
17	64
17	65
17	85
17	88
20	18
20	19
20	21
20	22
20	23
20	64
24	22
24	23
24	25
24	26
24	37
24	38
24	39
24	40
24	85
24	86
27	25
27	26
27	28
27	29
27	34
27	35
27	36
27	37
27	68
27	81
27	82
27	83
27	84
30	28
30	29
30	31
30	32
30	33
30	79
30	80
30	81
30	82
41	38
41	39
41	40
41	42
41	43
44	36
44	37
44	38
44	39
44	42
44	43
44	45
44	46
47	35
47	45
47	46
47	48
47	49
47	50
47	51
52	49
52	50
52	51
52	53
52	54
52	55
56	54
56	55
56	57
56	58
56	66
56	67
56	68
56	69
59	57
59	58
59	60
59	61
59	62
63	21
63	22
63	60
63	61
63	62
63	64
63	65
72	7
72	8
72	9
72	10
72	53
72	70
72	71
72	73
72	74
75	7
75	73
75	74
75	76
75	77
75	78
75	95
75	96
75	97
75	98
75	118
75	119
75	120
87	84
87	85
87	86
87	88
87	89
99	97
99	98
99	100
99	101
99	115
99	116
99	117
99	118
99	169
102	100
102	101
102	103
102	104
102	113
102	114
102	115
102	116
105	101
105	103
105	104
105	106
105	107
105	171
105	172
105	173
105	174
105	175
108	106
108	107
108	109
108	110
108	111
108	148
108	175
108	176
108	177
112	110
112	111
112	113
112	114
112	144
112	145
112	146
112	147
112	148
121	119
121	120
121	122
121	123
124	119
124	122
124	123
124	125
124	126
124	140
124	141
127	117
127	125
127	126
127	128
127	129
127	138
127	139
127	140
127	141
127	158
127	159
127	160
127	161
130	128
130	129
130	131
130	132
130	133
130	134
130	135
130	136
130	137
130	156
130	157
130	158
142	114
142	115
142	116
142	117
142	139
142	140
142	141
142	143
142	144
149	109
149	110
149	147
149	148
149	150
149	151
149	152
149	153
149	175
154	131
154	132
154	152
154	153
154	155
154	156
154	172
154	173
154	174
162	125
162	126
162	160
162	161
162	163
162	164
162	165
162	166
168	157
168	158
168	159
168	160
168	166
168	167
168	169
168	170
